1000
0002
0022
0224
2244
2440
4404
4043
0430
4304
3044
0444
4444
4442
4420
4201
2012
0122
1223
2230
2300
3001
0012
0123
1234
2342
3422
4221
2214
2142
1424
4244
2444
4443
4431
4313
3134
1342
3420
4204
2040
0403
4034
0340
3401
4013
0132
1324
3240
2403
4033
0334
3344
3441
4412
4122
1221
2213
2131
1312
3122
1224
2241
2412
4123
1232
2320
3203
2032
0324
3243
2431
4314
3140
1404
4042
0424
4242
2422
4224
2242
2423
4230
2304
3040
0400
4001
0014
0140
1403
4031
0312
3120
1202
2022
0223
2233
2333
3332
3323
3233
2330
3304
3042
0422
4220
2203
2030
0302
3024
0242
2424
4241
2411
4112
1120
1203
2033
0330
3300
3003
0034
0342
3423
4232
2321
3214
2144
1441
4413
4133
1333
3330
3301
3014
0141
1414
4143
1434
4340
3404
4041
0413
4130
1300
3004
0040
0404
4040
0402
4023
0233
2334
3343
3430
4300
3000
0001
0011
0112
1122
1220
2202
2024
0240
2402
4022
0222
2222
2221
2210
2103
1031
0311
3114
1140
1400
4003
0031
0314
3142
1421
4211
2113
1132
1321
3212
2122
1222
2224
2243
2434
4342
3421
4210
2102
1020
0204
2042
0420
4203
2034
0341
3412
4120
1204
2044
0442
4422
4223
2231
2311
3113
1134
1343
3431
4311
3112
1123
1231
2314
3141
1410
4104
1041
0412
4124
1243
2432
4320
3202
2021
0212
2121
1211
2112
1121
1214
2140
1402
4020
0200
2003
0032
0320
3204
2043
0431
4310
3101
1011
0114
1144
1444
4441
4414
4144
1440
4402
4021
0211
2110
1104
1040
0401
4012
0121
1212
2123
1233
2331
3310
3104
1044
0440
4400
4004
0042
0421
4214
2141
1413
4132
1322
3223
2234
2344
3444
4440
4403
4032
0323
3232
2324
3242
2420
4202
2023
0234
2340
3400
4002
0020
0202
2020
0201
2014
0144
1442
4424
4240
2400
4000
0003
0033
0331
3311
3110
1101
1012
0120
1201
2011
0111
1111
1113
1130
1304
3043
0433
4332
3320
3200
2004
0043
0432
4321
3213
2133
1334
3341
3413
4131
1311
3111
1112
1124
1242
2421
4213
2130
1301
3010
0102
1021
0210
2104
1042
0423
4231
2310
3102
1022
0221
2211
2114
1143
1433
4334
3342
3424
4243
2433
4331
3314
3143
1432
4323
3230
2302
3023
0231
2312
3124
1241
2410
4101
1013
0131
1313
3133
1331
3313
3132
1320
3201
2010
0100
1004
0041
0410
4102
1024
0243
2430
4303
3033
0332
3322
3222
2223
2232
2322
3220
2201
2013
0133
1330
3302
3020
0203
2031
0313
3131
1314
3144
1443
4430
4302
3022
0220
2200
2002
0021
0213
2132
1323
3234
2341
3411
4114
1142
1422
4222
2220
2204
2041
0414
4141
1412
4121
1210
2101
1014
0142
1420
4200
2001
0010
0101
1010
0103
1032
0322
3221
2212
2120
1200
2000
0004
0044
0443
4433
4330
3303
3031
0310
3103
1033
0333
3333
3334
3340
3402
4024
0244
2441
4410
4100
1002
0024
0241
2413
4134
1344
3442
4423
4234
2343
3433
4333
3331
3312
3121
1213
2134
1340
3403
4030
0301
3013
0130
1302
3021
0214
2143
1430
4301
3011
0113
1133
1332
3324
3244
2442
4421
4212
2124
1244
2443
4432
4324
3241
2414
4140
1401
4014
0143
1431
4312
3123
1230
2303
3034
0343
3434
4344
3443
4434
4341
3410
4103
1030
0300
3002
0023
0230
2301
3012
0124
1240
2404
4044
0441
4411
4111
1114
1141
1411
4110
1103
1034
0344
3440
4401
4010
0104
1043
0434
4343
3432
4322
3224
2240
2401
4011
0110
1100
1001
0013
0134
1341
3414
4142
1423
4233
2332
3321
3211
2111
1110
1102
1023
0232
2323
3231
2313
3130
1303
3032
0321
3210
2100
1003
0030
0303
3030
0304
3041
0411
4113
1131
1310
3100
1000
